1226
1227
1217
1211
1213
1218
1094
1060
1237
1238
1208
1234
9294
9029
1221
9036
1073
1206
1231
1232
1172
1228
1233
1321
1224
1222
1324
1325
1326
1223
1327
1225
1229
1239
1230
1328
1240
1329
8859
8841
8860
8842
9297
9285
9286
9287
9292
9288
9289
9290
9291
1318
1319
1320
1317
1322
1323
1330
1331
1332
1333
1334
1335
1336
1337
1338
1339
1340
9295
9296
9291
9290
9288
9282
9284
9281
9283
9279
9280
1074
8358
9293
9292
1336
8859
8860
9751
9752
9753
9754
9755
9756
9757
9758
9759
10359
10343
9756
10358
9755
8830
8153
8154
8157
8156
8155
8437
8446
8455
8456
8457
8441
8838
8834
8840
8829
8827
8433
8434
8432
8431
8435
8826
8832
8831
8833
9135
8839
8837
8836
8439
7739
9725
7033
8148
8149
8150
8151
8152
7607
7743
7737
7734
7602
7409
7381
7385
7406
7794
7735
6554
7034
0794
0632
0702
0694
0696
0635
0699
0633
0639
0645
0642
0643
0701
0695
0794
0795
0800
0801
0814
0845
0812
0811
0802
0806
0807
0808
0809
0797
0796
0843
0844
0798
0799
0902
0904
0905
0906
0804
0805
0813
0926
0907
0908
0909
0931
0929
0930
0910
0911
0925
0932
0924
0933
0934
1087
1096
1069
1063
1056
1072
1068
1076
1071
1084
1077
1098
1099
1100
1061
1079
1054
1080
1090
1075
1057
1058
1081
1085
1088
1070
1064
1055
1095
1059
1097
1083
1049
1078
1047
1086
1065
1050
1066
1091
1052
1053
1062
1067
1082
1051
1048
1220
1210
1212
1209
1216
1214
1207
1235
